time throughput_mbps
0 0.022968
1 0.375928
2 0.253912
3 0.154704
4 0.226968
5 0.67392
6 0.486104
7 0.436736
8 0.7434
9 1.154128
10 0.87768
11 0.099424
12 0.785992
13 0.336648
14 0.72176
15 1.059232
16 0.671736
17 1.699424
18 1.972272
19 0.707192
20 1.3626
21 1.00172
22 3.391312
23 2.848408
24 1.2038
25 1.769056
26 1.879968
27 1.971048
28 3.8908
29 0.62992
30 3.82512
31 2.212064
32 1.455216
33 2.664968
34 4.090448
35 0.491472
36 2.44692
37 1.233848
38 1.98496
39 3.556192
40 2.146016
41 2.047664
42 4.99856
43 3.275184
44 1.68176
45 3.1384
46 0.720656
47 2.38312
48 2.91376
49 1.026
50 2.857904
51 3.00944
52 2.162512
53 3.131344
54 2.683296
55 3.051392
56 3.444656
57 0.816896
