time throughput_mbps
0 0.039064
1 0.562384
2 0.177368
3 0.068712
4 0.25352
5 0.411696
6 0.141712
7 0.220352
8 0.188208
9 0.309728
10 0.22672
11 0.09728
12 0.2134
13 0.164088
14 0.175696
15 0.388288
16 0.755448
17 0.42792
18 0.741552
19 0.4922
20 0.666496
21 0.415968
22 1.781864
23 1.303296
24 1.078608
25 1.079536
26 1.093008
27 1.698096
28 1.285104
29 1.809712
30 1.443824
31 0.995584
32 2.177264
33 1.169608
34 1.371976
35 0.712192
36 0.921088
37 1.774112
38 1.949728
39 0.584416
40 1.836384
41 2.428192
42 1.34672
43 1.045376
44 1.269888
45 1.447152
46 1.299936
47 1.441424
48 0.502768
49 1.25632
50 0.792272
51 1.15304
52 1.29352
53 2.0188
54 1.120384
55 0.522128
