time throughput_mbps
0 0.0
1 0.00152
2 0.007328
3 0.20752
4 0.218544
5 0.109008
6 0.109008
7 0.109008
8 0.096896
9 0.048448
10 0.06056
11 0.048448
12 0.109008
13 0.0
14 0.06056
15 0.109008
16 0.111792
17 0.113672
18 0.0
19 0.111648
20 0.218016
21 0.218016
22 0.205904
23 0.109008
24 0.109008
25 0.109008
26 0.18168
27 0.230128
28 0.24224
29 0.218848
30 0.109008
31 0.218544
32 0.218016
33 0.096896
34 0.218016
35 0.157984
36 0.169568
37 0.145344
38 0.18168
39 0.109008
40 0.351248
41 0.26904
42 0.16052
43 0.15904
44 0.157456
45 0.157456
46 0.157456
47 0.205904
48 0.157456
49 0.218016
50 0.218016
51 0.218016
52 0.230656
53 0.22008
54 0.109008
