time throughput_mbps
0 0.000336
1 0.106168
2 0.121352
3 0.12112
4 0.12112
5 0.0
6 0.218016
7 0.109008
8 0.218016
9 0.408648
10 0.254352
11 0.169568
12 0.205904
13 0.24224
14 0.331224
15 0.10968
16 0.109008
17 0.109008
18 0.193792
19 0.109008
20 0.109008
21 0.218016
22 0.218016
23 0.218016
24 0.133232
25 0.230128
26 0.182208
27 0.109008
28 0.218016
29 0.109008
30 0.110192
31 0.22196
32 0.121456
33 0.3028
34 0.012112
35 0.109008
36 0.109008
37 0.218016
38 0.327024
39 0.327024
40 0.109008
41 0.096896
42 0.12112
43 0.243424
44 0.2694
45 0.205904
46 0.133232
47 0.218016
48 0.096896
49 0.109008
50 0.109008
51 0.048448
52 0.048448
53 0.096896
54 0.121648
55 0.109536
56 0.084784
57 0.2308
58 0.20624
