time throughput_mbps
0 0.0
1 0.0
2 0.000672
3 0.00152
4 0.001184
5 0.002408
6 0.002984
7 0.0
8 0.000624
9 0.002304
10 0.001944
11 0.000528
12 0.000528
13 0.001352
14 0.000528
15 0.122176
16 0.000624
17 0.23072
18 0.001184
19 0.146528
20 0.087256
21 0.0
22 0.232768
23 0.460784
24 0.0
25 0.230656
26 0.012112
27 0.205904
28 0.230128
29 0.024224
30 0.205904
31 0.205904
32 0.231904
33 0.001184
34 0.464248
35 0.084784
36 0.193792
37 0.169568
38 0.06056
39 0.169568
40 0.230128
41 0.205904
42 0.21944
43 0.230656
44 0.243296
45 0.219424
46 0.185576
47 0.060192
48 0.23224
49 0.0
50 0.183632
51 0.194848
52 0.205904
53 0.205904
54 0.18168
55 0.20688
56 0.24224
57 0.24224
58 0.0
