time throughput_mbps
0 0.143256
1 0.78728
2 0.096896
3 0.084784
4 0.171152
5 0.079216
6 0.085312
7 0.085312
8 0.085312
9 0.036336
10 0.06056
11 0.012112
12 0.04904
13 0.03752
14 0.052584
15 0.013984
16 0.000672
17 0.012112
18 0.000824
19 0.169568
20 0.084784
21 0.157456
22 0.08732
23 0.17168
24 0.06056
25 0.024224
26 0.084784
27 0.169568
28 0.169568
29 0.096896
30 0.242768
31 0.08584
32 0.084784
33 0.257416
34 0.087376
35 0.218016
36 0.109008
37 0.084784
38 0.157984
39 0.084784
40 0.169568
41 0.24224
42 0.24224
43 0.084784
44 0.169568
45 0.074768
46 0.085984
47 0.109536
48 0.109008
49 0.133232
50 0.169568
51 0.157456
52 0.24224
53 0.084784
54 0.157456
55 0.157456
56 0.012112
