time throughput_mbps
0 0.143456
1 0.49712
2 0.36336
3 0.072672
4 0.048448
5 0.024224
6 0.048448
7 0.036336
8 0.169568
9 0.157984
10 0.254352
11 0.109008
12 0.218608
13 0.248328
14 0.12112
15 0.133232
16 0.19432
17 0.133232
18 0.084784
19 0.048448
20 0.133232
21 0.06056
22 0.11608
23 0.3116
24 0.088312
25 0.102992
26 0.133312
27 0.0732
28 0.16408
29 0.084784
30 0.074544
31 0.24248
32 0.083968
33 0.08344
34 0.08344
35 0.123656
36 0.20696
37 0.084784
38 0.109008
39 0.133232
40 0.109008
41 0.169568
42 0.18168
43 0.06056
44 0.072672
45 0.169568
46 0.218016
47 0.176448
48 0.140576
49 0.169568
50 0.096896
51 0.096896
52 0.0
53 0.07368
54 0.000672
55 0.012448
56 0.0
57 0.169568
58 0.084784
59 0.084784
60 0.242768
