time throughput_mbps
0 0.069336
1 0.376096
2 0.205904
3 0.145344
4 0.109008
5 0.12112
6 0.072672
7 0.084784
8 0.084784
9 0.036336
10 0.133232
11 0.0
12 0.024224
13 0.06056
14 0.0
15 0.073856
16 0.000592
17 0.03912
18 0.052072
19 0.000336
20 0.0
21 0.012112
22 0.084784
23 0.170392
24 0.257944
25 0.08584
26 0.084784
27 0.169568
28 0.157456
29 0.084784
30 0.169568
31 0.218016
32 0.084784
33 0.110464
34 0.247304
35 0.157456
36 0.157456
37 0.084784
38 0.157456
39 0.085312
40 0.096896
41 0.145872
42 0.256464
43 0.182208
44 0.169568
45 0.085456
46 0.085456
47 0.072672
48 0.169568
49 0.169568
50 0.254352
51 0.084784
52 0.169568
53 0.157456
54 0.157456
55 0.159328
56 0.0
